dual_ray_v1 812 7308
0 -18643.686871364447
1 -18641.018221194739
2 -18643.186871364524
3 -18643.186871361402
4 -18641.018221198385
5 -18643.686871364444
6 -18681.178100507517
7 -18643.686871364451
8 -18697.217180106909
9 -18643.686871364454
10 -18664.494751272981
11 -18660.161682156733
12 -18681.178100506353
13 -18643.686871364451
14 -18722.594654029577
15 -18641.018221199723
16 -18643.186871360478
17 -18641.018221176451
18 -18643.686871368303
19 -18643.186871364796
20 -18643.686871364451
21 -18643.186871364174
22 -18643.686871364451
23 -18643.186871364538
24 -18643.686871369537
25 -18487.466104471278
26 -18652.689827464092
27 -18641.018221198046
28 -18643.186871364935
29 -18641.018221197693
30 -18681.178100506346
31 -18643.686871368911
32 -18643.186871364487
33 -18641.018221198894
34 -18643.186871358808
35 -18643.686871364451
36 -18641.01822119805
37 -18660.161682159829
38 -18643.186871364505
39 -18652.689827464095
40 -18475.205818151881
41 -18660.161682159833
42 -18643.686871369788
43 -18853.298747221757
44 -18641.018221198046
45 -18652.689827464088
46 -18652.689827466271
47 -18643.18687136456
48 -18643.686871364029
49 -18641.018221198829
50 -18652.689827464364
51 -18722.594654030308
52 -18643.186871364516
53 -18643.686871364436
54 -18652.68982746543
55 -18643.18687136452
56 -18973.254666590703
57 -18643.686871364451
58 -18643.186871364935
59 -18643.186871364531
60 -18652.689827457161
61 -18643.18687136456
62 -18643.186871361413
63 -18641.018221198377
64 -18643.686871364447
65 -18643.68687136229
66 -18616.80941124753
67 -18699.885830272677
68 -18643.6868713656
69 -18643.186871360478
70 -18641.018221197693
71 -18681.178100506353
72 -18641.01822120131
73 -18666.39569512683
74 -18603.526992059982
75 -18643.186871360485
76 -18641.018221174956
77 -18643.686871368292
78 -18643.186871364021
79 -18643.686871364451
80 -18652.68982746706
81 -18643.686871364462
82 -18643.186871364542
83 -18643.686871364029
84 -18487.46610446764
85 -18652.689827464095
86 -18652.689827470189
87 -18643.186871363287
88 -18660.161682159818
89 -18660.161682159829
90 -18652.68982746367
91 -18643.18687136452
92 -18652.689827463695
93 -18616.809411247734
94 -18660.161682158821
95 -18652.689827464717
96 -18641.018221198046
97 -18652.689827464212
98 -18643.686871363472
99 -18641.018221198043
100 -18641.018221193299
101 -18641.018221199272
102 -18660.161682159829
103 -18607.712230818641
104 -18652.689827463651
105 -18643.186871364887
106 -18652.689827464088
107 -18643.686871364451
108 -18643.686871364451
109 -18660.161682159829
110 -18643.186871364516
111 -18652.689827463655
112 -18641.01822119805
113 -18643.18687136452
114 -18652.689827464241
115 -18643.686871367689
116 -18643.186871363447
117 -18641.018221204125
118 -18607.712230818644
119 -18643.186871364884
120 -18643.18687136488
121 -18681.178100506368
122 -18643.186871374128
123 -18652.689827467791
124 -18616.809411247712
125 -18641.018221195794
126 -18643.686871364451
127 -18641.01822119805
128 -18652.689827464463
129 -18713.998959288685
130 -18652.689827463684
131 -18607.71223081155
132 -18643.186871361893
133 -18722.594654029577
134 -18681.178100506368
135 -18643.18687136532
136 -18652.689827469596
137 -18616.809411247734
138 -18643.686871365026
139 -18643.686871364887
140 -18641.01822119805
141 -18643.686871364767
142 -18641.01822119805
143 -18641.018221198046
144 -18681.178100504068
145 -18643.686871364451
146 -18643.686871364447
147 -18643.686871364451
148 -18681.178100506346
149 -18643.686871364371
150 -18643.186871364505
151 -18643.686871363978
152 -18584.582759802117
153 -18643.68687137033
154 -18641.01822119805
155 -18652.689827463666
156 -18607.712230818644
157 -18652.68982746367
158 -18803.895526649598
159 -18778.914161185174
160 -18641.018221204726
161 -18652.689827463495
162 -18641.01822119805
163 -18652.689827464084
164 -18660.161682158821
165 -18652.689827462687
166 -18607.712230818634
167 -18641.018221198832
168 -18643.686871356422
169 -18643.186871363447
170 -18643.68687136444
171 -18643.686871364451
172 -18660.161682159825
173 -18643.186871364524
174 -18455.29579800626
175 -18641.018221203998
176 -18626.712060570942
177 -18607.712230818637
178 -18681.178100506368
179 -18643.18687136488
180 -18652.689827464194
181 -18616.809411247727
182 -18643.686871364451
183 -18660.161682159829
184 -18643.186871364873
185 -18643.686871364451
186 -18641.01822119805
187 -18652.68982746367
188 -18660.161682159829
189 -18641.018221195842
190 -18607.712230820074
191 -18616.809411247727
192 -18652.689827463666
193 -18652.68982746367
194 -18643.686871365418
195 -18652.689827466347
196 -18616.809411247734
197 -18643.686871364014
198 -18652.689827463553
199 -18641.018221198046
200 -18641.018221197246
201 -18652.689827464183
202 -18641.018221198057
203 -18616.809411247727
204 -18643.686871364451
205 -18643.686871364451
206 -18641.018221196195
207 -18652.689827464459
208 -18641.01822119805
209 -18652.689827463684
210 -18643.68687136671
211 -18643.186871361893
212 -18643.686871365164
213 -18681.178100506368
214 -18652.689827463651
215 -18643.186871364887
216 -18633.546366501811
217 -18652.689827466205
218 -18616.809411247756
219 -18662.830332329704
220 -18643.686871364796
221 -18643.686871364451
222 -18641.01822119805
223 -18645.297684290439
224 -18660.161682159829
225 -18643.686871362381
226 -18607.712230818644
227 -18643.18687136189
228 -18616.809411247534
229 -18681.178100506368
230 -18643.686871364451
231 -18652.689827464201
232 -18641.018221197312
233 -18652.689827464099
234 -18641.01822119805
235 -18660.161682159836
236 -18643.686871364447
237 -18652.689827464423
238 -18643.68687136448
239 -18652.689827464084
240 -18641.018221198377
241 -18643.686871364451
242 -18681.178100506371
243 -18641.018221198829
244 -18699.885830272699
245 -18641.018221200091
246 -18643.18687136452
247 -18660.161682156733
248 -18643.186871364505
249 -18641.018221198254
250 -18643.686871364451
251 -18643.686871364451
252 -18643.686871364451
253 -18681.178100492412
254 -18643.686871368296
255 -18584.582759808785
256 -18643.686871364451
257 -18652.689827465532
258 -18643.686871364458
259 -18643.186871364509
260 -18643.686871364029
261 -18664.494751272985
262 -18616.809411247737
263 -18643.686871364447
264 -18643.686871364451
265 -18722.594654029577
266 -18641.01822119972
267 -18643.186871360482
268 -18641.018221191563
269 -18641.018221203019
270 -18643.186871367423
271 -18627.275835585351
272 -18643.186871360449
273 -18643.686871364451
274 -18643.186871366652
275 -18641.018221198035
276 -18643.686871364451
277 -18641.018221212656
278 -18707.8731228018
279 -18643.186871366113
280 -18643.686871364447
281 -18641.018221198046
282 -18643.186871364524
283 -18643.186871362777
284 -18616.809411246046
285 -18652.689827464092
286 -18681.178100506368
287 -18616.809411247534
288 -18616.809411241691
289 -18643.686871364447
290 -18652.689827464732
291 -18311.442778231394
292 -18641.018221187413
293 -18616.809411247734
294 -18660.161682159829
295 -18607.712230818644
296 -18652.689827463655
297 -18643.186871364891
298 -18652.689827464088
299 -18681.178100506346
300 -18652.68982746268
301 -18660.161682159829
302 -18643.686871364851
303 -18652.689827466882
304 -18643.686871364451
305 -18643.18687136452
306 -18652.689827463666
307 -18643.186871360169
308 -18643.186871363287
309 -18643.686871364451
310 -18660.161682159829
311 -18643.686871359536
312 -18643.18687136452
313 -18652.689827464117
314 -18652.689827464084
315 -18660.161682158818
316 -18652.689827463895
317 -18616.809411245838
318 -18652.689827464215
319 -18641.01822119805
320 -18643.186871364524
321 -18660.161682159829
322 -18643.686871363145
323 -18446.660284235342
324 -18616.809411247821
325 -18652.689827463659
326 -18652.68982746367
327 -18641.018221198043
328 -18641.018221194779
329 -18616.809411247734
330 -18660.161682156009
331 -18652.689827462054
332 -18641.018221198054
333 -18652.689827464223
334 -18652.689827464172
335 -18641.018221198043
336 -18455.29579800626
337 -18641.018221200975
338 -18838.144581844466
339 -18652.689827463655
340 -18652.689827463655
341 -18643.186871364887
342 -18652.689827463993
343 -18641.018221214876
344 -18861.816645039136
345 -18660.161682159829
346 -18643.186871364873
347 -18652.689827464266
348 -18643.186871364538
349 -18643.686871364451
350 -18521.344835735799
351 -18660.16168215267
352 -18641.018221198046
353 -18722.59465402961
354 -18652.689827464463
355 -18641.018221198046
356 -18681.178100506368
357 -18681.178100506375
358 -18616.809411248636
359 -18652.689827464084
360 -18641.018221198025
361 -18616.809411247534
362 -18681.178100506306
363 -18643.186871363221
364 -18664.494751272985
365 -18616.809411247741
366 -18643.686871364447
367 -18643.686871364447
368 -18825.792298317421
369 -18652.689827464463
370 -18635.233406039421
371 -18643.186871364884
372 -18643.186871364887
373 -18643.686871364451
374 -18607.21223084363
375 -18643.186871365295
376 -18643.186871365324
377 -18681.178100506364
378 -18643.686871364451
379 -18652.689827466194
380 -18616.809411247741
381 -18643.686871364447
382 -18643.186871376198
383 -18825.792298315748
384 -18607.712230818644
385 -18607.712230818648
386 -18643.18687136488
387 -18603.526992063355
388 -18643.186871364433
389 -18616.809411269514
390 -18681.178100506368
391 -18643.18687136532
392 -18456.849355028338
393 -18641.018221198039
394 -18521.344835735799
395 -18765.863113881325
396 -18641.01822119805
397 -18643.686871366415
398 -18652.689827464463
399 -18722.594654029574
400 -18681.178100506368
401 -18643.186871356691
402 -18616.809411248643
403 -18607.712230818641
404 -18681.178100506368
405 -18616.809411247534
406 -18683.346750671539
407 -18643.686871364767
408 -18650.521177300034
409 -18616.809411247737
410 -18643.686871364444
411 -18643.186871363287
412 -18641.018221204366
413 -18607.712230818644
414 -18607.712230818648
415 -18643.186871364887
416 -18643.686871364451
417 -18643.186871361911
418 -18616.809411247737
419 -18616.80941124777
420 -18643.186871365298
421 -18641.01822119797
422 -18641.018221198043
423 -18652.689827464463
424 -18660.161682159833
425 -18641.01822119805
426 -18643.686871363847
427 -18641.01822119805
428 -18722.594654029574
429 -18681.178100506371
430 -18643.186871365309
431 -18643.186871366328
432 -18641.018221198046
433 -18681.178100506382
434 -18616.809411247534
435 -18641.018221195784
436 -18643.686871364451
437 -18490.134754635557
438 -18652.689827464455
439 -18641.01822119805
440 -18641.018221198046
441 -18653.18982746789
442 -18641.018221198046
443 -18722.594654029574
444 -18681.178100506368
445 -18643.186871362464
446 -18641.01822119805
447 -18643.686871364451
448 -18616.809411247537
449 -18616.809411246417
450 -18643.186871363221
451 -18652.689827466198
452 -18616.809411247741
453 -18643.686871364447
454 -18435.707557915259
455 -18643.186871377802
456 -18641.018221211165
457 -18607.712230818644
458 -18627.275835587818
459 -18643.186871364887
460 -18643.686871364451
461 -18643.186871366648
462 -18641.018221204711
463 -18643.686871364451
464 -18641.01822119805
465 -18652.689827463655
466 -18652.689827463666
467 -18643.68687136974
468 -18607.712230831916
469 -18616.809411247734
470 -18652.6898274669
471 -18652.68982746367
472 -18641.018221198043
473 -18641.018221192568
474 -18616.809411247752
475 -18730.472599087014
476 -18607.712230818641
477 -18641.018221198046
478 -18652.689827464223
479 -18607.712230818644
480 -18643.686871364451
481 -18643.686871364451
482 -18641.018221199251
483 -18838.144581844463
484 -18652.689827463648
485 -18652.689827463655
486 -18643.18687136452
487 -18652.68982746427
488 -18641.01822119805
489 -18861.816645039129
490 -18660.161682159825
491 -18652.689827463197
492 -18652.689827465783
493 -18643.18687136472
494 -18641.018221198046
495 -18643.686871364451
496 -18674.939304284388
497 -18660.161682159825
498 -18607.712230818641
499 -18643.686871364473
500 -18643.686871364451
501 -18652.189827464157
502 -18681.178100506346
503 -18643.686871364458
504 -18641.018221198043
505 -18660.161682159836
506 -18652.689827466351
507 -18643.686871364451
508 -18641.01822119805
509 -18652.689827463666
510 -18643.186871364509
511 -18626.712060569545
512 -18616.809411247777
513 -18660.161682159829
514 -18643.686871359041
515 -18575.079803703877
516 -18643.686871366193
517 -18652.689827464092
518 -18660.161682158818
519 -18652.689827463884
520 -18616.809411247195
521 -18643.186871364505
522 -18664.494751272981
523 -18660.161682164435
524 -18643.186871360478
525 -18643.686871364451
526 -18643.186871364174
527 -18641.018221199723
528 -18410.779281809366
529 -18643.186871380669
530 -18641.01822119936
531 -18607.712230818641
532 -18643.686871364447
533 -18643.186871364884
534 -18643.686871364451
535 -18643.186871366648
536 -18641.018221200902
537 -18643.686871364451
538 -18641.018221202623
539 -18707.8731228018
540 -18643.686871362286
541 -18643.686871366939
542 -18660.161682159829
543 -18722.594654029584
544 -18643.186871360478
545 -18641.01822119805
546 -18652.689827464084
547 -18681.178100506371
548 -18616.809411247534
549 -18641.018221198061
550 -18643.686871364447
551 -18641.018221198829
552 -18652.689827464095
553 -18641.018221198388
554 -18643.186871364931
555 -18643.686871364451
556 -18652.689827470524
557 -18643.186871364484
558 -19015.020706480929
559 -18643.686871364447
560 -18652.68982746268
561 -18681.178100506429
562 -18641.018221197672
563 -18643.186871363578
564 -18641.018221201903
565 -18643.186871360478
566 -18643.686871358354
567 -18616.809411247748
568 -18643.186871368645
569 -18584.582759802113
570 -18643.186871364167
571 -18643.186871360482
572 -18660.161682159829
573 -18643.686871369791
574 -18584.58275980207
575 -18652.689827464099
576 -18652.689827464084
577 -18643.686871364473
578 -18643.186871364531
579 -18643.686871364025
580 -18616.809411247734
581 -18643.686871365026
582 -18652.689827462164
583 -18641.018221198046
584 -18643.686871364793
585 -18641.01822119805
586 -18652.689827463662
587 -18643.686871364509
588 -18641.018221200946
589 -18643.686871365862
590 -18681.178100506371
591 -18643.186871361893
592 -18643.186871364884
593 -18681.178100506371
594 -18650.021177325994
595 -18643.686871364451
596 -18643.686871364451
597 -18643.186871364895
598 -18643.686871364451
599 -18641.01822119805
600 -18652.689827464463
601 -18660.161682159829
602 -18643.686871362373
603 -18607.712230818644
604 -18616.809411247734
605 -18652.689827463659
606 -18652.689827463666
607 -18643.186871364342
608 -18652.689827466296
609 -18652.689827463601
610 -18607.712230818644
611 -18643.186871361893
612 -18607.712230818641
613 -18641.018221198039
614 -18645.8555215325
615 -18652.689827464197
616 -18643.186871364524
617 -18652.689827463651
618 -18652.689827463659
619 -18641.018221196566
620 -18652.68982746427
621 -18641.01822119805
622 -18652.689827463644
623 -18643.68687136671
624 -18643.186871364953
625 -18598.709274718527
626 -18707.555560623165
627 -18652.689827463662
628 -18643.18687136488
629 -18643.186871364505
630 -18652.689827499209
631 -18616.809411247734
632 -18652.689827464023
633 -18643.686871363363
634 -18641.018221198046
635 -18641.01822119805
636 -18641.018221198115
637 -18711.329138126879
638 -18643.686871365953
639 -18643.686871364451
640 -18660.161682158818
641 -18681.178100505564
642 -18616.809411247199
643 -18643.186871364505
644 -18643.686871364029
645 -18311.442778231394
646 -18652.689827464099
647 -18674.939304284402
648 -18660.161682159829
649 -18643.686871364451
650 -18652.689827463655
651 -18643.686871364447
652 -18778.914161185177
653 -18641.018221204726
654 -18652.689827462676
655 -18641.018221198046
656 -18652.689827464092
657 -18652.689827468705
658 -18652.689827463648
659 -18643.18687136452
660 -18641.01822119805
661 -18643.686871362857
662 -18643.186871363236
663 -18643.686871364447
664 -18660.161682159829
665 -18643.686871364447
666 -18681.178100506389
667 -18660.161682161743
668 -18641.018221198046
669 -18607.712230818641
670 -18681.178100506368
671 -18643.186871364884
672 -18681.178100506364
673 -18643.686871364451
674 -18652.689827466158
675 -18616.809411247737
676 -18643.686871364444
677 -18643.686871364451
678 -18641.018221198046
679 -18652.689827464455
680 -18747.304949668083
681 -18643.186871364884
682 -18643.686871366706
683 -18643.186871361897
684 -18643.686871370126
685 -18681.178100506371
686 -18652.689827463641
687 -18456.84935502689
688 -18641.018221198046
689 -18664.494751272985
690 -18765.863113876141
691 -18641.01822119805
692 -18643.686871366415
693 -18643.186871361893
694 -18641.01822119805
695 -18681.178100506371
696 -18849.2164145928
697 -18660.161682159836
698 -18652.689827463197
699 -18652.689827463648
700 -18643.18687136452
701 -18652.689827463673
702 -18652.689827463659
703 -18660.161682158192
704 -18669.965181496813
705 -18660.161682159833
706 -18643.686871370886
707 -18652.689827463666
708 -18641.018221198046
709 -18652.689827464204
710 -18660.161682158818
711 -18652.689827463873
712 -18607.71223081863
713 -18652.689827463659
714 -18643.186871364833
715 -18641.018221198243
716 -18643.686871364451
717 -18643.686871364451
718 -18652.689827464208
719 -18643.18687136452
720 -18652.689827463648
721 -18652.689827463655
722 -18643.186871364524
723 -18681.178100506346
724 -18646.355521532474
725 -18643.686871364705
726 -18643.186871364531
727 -18643.686871364025
728 -18641.018221198719
729 -18652.689827464088
730 -18641.018221198392
731 -18643.686871364451
732 -18652.689827460243
733 -18643.686871362705
734 -18699.885830268671
735 -18610.923787577212
736 -18643.686871364447
737 -18641.018221197697
738 -18722.594654029577
739 -18641.018221197697
740 -18643.186871360485
741 -18641.018221201899
742 -18643.186871360478
743 -18660.161682166981
744 -18643.6868713683
745 -18660.161682164005
746 -18643.686871364451
747 -18643.186871364167
748 -18643.686871364451
749 -18643.186871346406
750 -18643.686871368918
751 -18641.018221192448
752 -18652.689827464095
753 -18643.686871364447
754 -18643.686871364451
755 -18681.178100506389
756 -18643.686871365957
757 -18643.186871364491
758 -18641.018221198894
759 -18652.689827465536
760 -18643.686871364444
761 -18643.186871364505
762 -18660.161682159829
763 -18584.582759802113
764 -18652.689827464103
765 -18641.018221198046
766 -18660.161682159829
767 -18643.686871364451
768 -18853.298747221274
769 -18643.686871364447
770 -18652.689827464084
771 -18641.018221204729
772 -18652.689827462676
773 -18683.346750672856
774 -18641.018221198832
775 -18699.885830277046
776 -18652.689827463957
777 -18643.18687136452
778 -18660.16168216306
779 -18681.178100504807
780 -18643.186871364625
781 -18643.686871364451
782 -18643.686871364447
783 -18643.686871364447
784 -18643.186871364884
785 -18643.686871364451
786 -18643.186871363952
787 -18643.186871365448
788 -18643.686871364451
789 -18681.178100506826
790 -18643.686871364447
791 -18643.68687136229
792 -18643.686871362144
793 -18641.018221198057
794 -18660.161682163918
795 -18643.186871360478
796 -18641.018221197693
797 -18722.594654029577
798 -18641.018221197704
799 -18616.809411247534
800 -18641.018221201899
801 -18645.855521521913
802 -18681.469562070743
803 -18643.686871364451
804 -18643.186871367096
805 -18643.686871364451
806 -18643.186871364538
807 -18641.018221198057
808 -18487.466104471347
809 -18652.189827478185
810 -18641.01822119805
811 -18652.689827464099
812 4371.928322462054
832 3846.8561321199913
841 4416.0591403170092
842 6009.3432764653098
849 5608.8262053515919
851 457.61788028954015
861 2144.7827807053313
870 508.80628638015952
883 3656.4890424094274
899 6266.664676228479
901 5597.5211518672841
908 3123.0120008592567
925 3242.1164921322224
927 162.88766366021355
937 2252.7172662871171
938 1434.2423375446497
946 2268.6373621669932
947 562.55259684671091
951 4188.7423913459352
965 707.68558258149642
970 2938.3833194053695
971 3190.0600171679034
980 2590.4407377017237
981 1076.4647608041364
982 3960.913018450598
988 973.0974105318769
989 820.98557166478668
997 1136.8454312266767
1000 4374.6840422602436
1034 1405.9373126632113
1035 3409.9208048689325
1038 6512.2133420508108
1040 411.83543307921082
1047 5368.6653217937246
1061 1057.2789369882735
1063 1700.3517456247305
1064 4225.2466563590515
1076 1516.2117404162855
1077 2719.5275222384271
1086 1641.9008647016567
1090 4142.6430509175561
1109 5221.7646921957758
1110 3540.3047953716618
1116 765.72703910884275
1119 1742.0851858012174
1120 3230.6621079695051
1127 2559.348668061697
1132 600.24581332338357
1135 3661.2457700126379
1161 679.81613317094116
1166 3820.7617710604372
1167 5062.0511134582621
1169 2259.7176022771264
1177 2590.109250851805
1181 2914.3519584578044
1182 595.19225412374999
1188 4398.363651766118
1191 220.72366418844831
1200 2694.7874887758417
1208 1573.1695607913462
1211 926.07005411683531
1224 1317.964790203775
1230 4122.3042359023748
1231 3757.2714705987728
1237 620.17486472613268
1239 4920.3874173863715
1240 2979.0140384271458
1245 1615.5795804252921
1247 2869.3885381086225
1255 1480.3074656693916
1260 2316.7253719203395
1263 3784.9280786899112
1287 2126.3590052268682
1289 4449.8988313209893
1291 3203.7549944123261
1297 2067.5515720282274
1301 1933.1187491495921
1302 740.19948332168951
1308 1636.2411829644029
1309 327.17642236909705
1319 4906.0715893775832
1326 3829.0728777405184
1329 2163.3292051246799
1342 2386.2288409522671
1348 343.12643812777696
1349 7168.4387839947258
1355 1136.8024435581756
1358 5443.0925094407539
1363 2546.6783055580036
1365 2209.3056729098871
1377 3731.6453962338937
1398 1623.1017983555112
1403 1996.3685629273723
1404 4459.0095928631672
1406 2074.9088923505637
1407 5426.0635529676038
1414 2072.4241814374709
1418 3300.2802311545693
1419 940.9965223494728
1435 928.03430020500127
1436 939.47262596080873
1443 5033.7468071266576
1446 2880.6873647388102
1466 6714.6118000132656
1474 2825.902775050331
1475 3308.1329731042351
1481 4061.3323160769614
1482 310.83876095732467
1494 3235.7459299373695
1497 2331.8855124567467
1512 4449.7965136126477
1523 4254.0878383234003
1525 2955.3420040876108
1531 6627.2313525417776
1535 4816.0286325112993
1553 1005.756597645232
1560 2662.1419426540665
1563 4255.2320255486075
1577 2054.0078173223792
1582 3411.9129422804926
1583 1482.154541524206
1591 2267.8877227551538
1592 3314.3555310700413
1597 656.68232352675875
1599 1331.612121883586
1606 2178.3895318307905
1624 847.93091988511878
1627 3954.6231484538375
1633 7685.4617738246061
1635 1988.9870519575886
1643 992.40576276697266
1647 3300.9423217467902
1648 1301.4682479298954
1655 6110.2382042106747
1672 6235.9240805315003
1675 1041.8663660312086
1694 4577.3470866424213
1703 5909.0885227315393
1704 3788.2272046877943
1710 1925.8500568549262
1711 3208.6371696432616
1718 2928.1214101329097
1733 1300.003726167829
1736 692.0668071510139
1742 74.21036617757909
1743 5037.5155704032677
1745 474.08135996824967
1746 2678.6968794991772
1757 3175.4076750924232
1758 1373.7571134741665
1765 1610.072900277728
1775 4414.9592670588381
1785 4157.6810211431812
1805 1767.0826976122862
1813 1216.0475755542193
1814 6743.0459034516898
1819 5610.3061310252633
1821 4682.7004903901998
1843 4346.1834025265753
1846 959.88903713353102
1852 975.47384926408824
1855 2125.3329199330192
1856 2567.9550603520433
1857 2525.094686559738
1863 1260.1725389835851
1867 2514.3802842600653
1868 3277.6905186266681
1887 78.206738570255084
1890 5513.3885150486585
1893 3042.5920328784878
1906 3455.5078572087568
1910 2854.2993047493792
1911 2051.6378785291627
1918 1228.3723296763656
1923 3718.1531848819322
1924 1736.5191923957473
1925 3773.5817152418695
1947 1088.0401174873532
1954 1585.744601459669
1956 3989.4409321502308
1957 4801.5563875494026
1963 373.87101497924414
1967 1725.4495910828673
1968 3313.3250393936596
1973 2162.5515775150288
1981 2973.3944795955103
1987 2645.9800354817926
2004 7225.5086648455335
2005 901.91436911009521
2012 3178.1643864143502
2017 3831.9251818999746
2018 2343.8412840448818
2019 3389.8065735000264
2050 3971.8574687249038
2051 2863.3851736384358
2057 4603.7434440641091
2066 2148.8630005592258
2074 1512.4214366239021
2079 856.2521432530375
2081 2148.7698635097713
2094 3115.2631304421948
2098 4478.9969430599413
2105 1167.7587650062653
2110 1640.3964517232898
2111 726.36367897322998
2112 4415.1065388826628
2119 4607.473635664448
2134 4956.7133579106476
2141 1633.6061941855971
2143 661.35836385782034
2144 3712.1975911423206
2145 4015.8878755054711
2154 4114.7624434965874
2160 1232.4907750456543
2172 1219.0923608633357
2174 5640.3386355581224
2185 288.74231414350015
2189 1875.2025474530287
2190 3820.0513778954924
2196 2462.0050962647197
2202 749.36642387492611
2203 2838.2872325715907
2224 1108.9897281484264
2231 7024.4553092114475
2235 1898.970522957314
2240 1727.5604829824701
2244 4651.6324064840792
2245 1465.8656022761088
2256 4452.0514654580393
2261 1095.7901226629319
2263 514.75741930735876
2274 2423.5026822270283
2275 503.28501305436612
2278 4466.088515574771
2279 2459.8035181910759
2285 5136.2410997318575
2290 3155.2221421661161
2291 2688.2644999056956
2292 5698.9644461687776
2311 2471.5163665180644
2313 455.4163010173711
2319 2563.7667977898504
2320 668.39504166736288
2323 4495.200763409508
2324 2368.9969611907841
2333 4173.4892230039586
2338 2649.2865658495512
2352 4876.4300065995103
2364 1983.8521662027699
2368 3457.6337669368663
2369 165.78172594092075
2374 3757.0968249928528
2379 1268.0581596080201
2381 1286.7081599318467
2387 1066.7255012133551
2400 921.91575324312544
2402 2227.2122582394004
2405 4.0401231978647862
2409 3790.0541625113929
2411 2758.5263837294351
2412 6524.7526816686923
2413 2670.3131519549647
2422 2057.0325209219677
2435 1181.3328485649286
2439 5180.173722770598
2441 3232.4317016564505
2452 2341.2799999653303
2457 3796.1992179069175
2463 3330.6913027725532
2468 3509.5961443894421
2469 3013.5679320171012
2470 603.82879812506997
2491 1732.1586652553465
2498 2729.1225872438531
2500 2786.7965462191269
2501 4844.0330846308534
2502 1092.7786769971726
2507 5808.4262713696426
2511 1379.8610547390745
2524 1123.1208636514357
2530 2279.8837631040133
2536 123.57730911245335
2545 2324.7423900444137
2546 1935.1619604380289
2552 4597.6950560143559
2557 1238.1868946663976
2558 2211.7579137225998
2559 1970.0272692563885
2580 892.17581198964081
2587 5081.2214143282417
2589 2142.791493187357
2590 2095.3782149694166
2596 3608.072896410647
2600 3390.9804624204062
2617 6399.6272860774843
2631 2554.7165092959294
2633 675.08658515022807
2634 4464.0867044952138
2638 65.465492562052532
2640 4141.929918359363
2645 1683.4996557771929
2646 287.45738761973598
2647 3165.5863053363701
2673 1215.5620921795235
2676 8213.7606127106192
2677 2386.2544990752258
2683 3620.9201272167656
2687 3048.3322507552734
2688 631.19865372140066
2693 924.35666455454066
2699 2189.447090634128
2700 683.62754269933248
2704 3346.5159887227665
2706 5924.3430303334999
2716 685.58548059184159
2719 1516.5080022561233
2720 768.22237363931708
2726 4595.5852145665694
2733 3387.1279059660997
2751 672.71074707925163
2753 2135.0781127913733
2760 3471.4453532083371
2762 4627.147841096883
2763 5626.881068554575
2773 2726.3252090078495
2778 3910.5883143707269
2779 295.29331161761138
2790 5187.0858554973311
2803 1793.7215323182518
2806 4857.8103364767521
2812 3698.4465300246811
2817 815.12804416789254
2819 1461.4789116262357
2825 2818.2875053500775
2845 1688.587554096915
2846 6564.9260815555317
2848 2367.9910792858682
2849 3717.4761298012795
2855 1819.2493865568772
2859 3775.5145465233531
2860 398.02964764451326
2864 2001.8378614089297
2871 800.85089780581029
2872 1000.8972627829207
2876 5129.3311388444181
2890 712.98394051810646
2891 8609.42167168181
2897 1857.8424695265976
2903 5430.1723388417722
2929 4222.4306504836832
2931 2050.5183579255781
2932 4002.8837812221482
2933 2617.0544064407804
2942 5054.2267705483255
2954 2858.8404495207997
2966 2469.7669802211258
2968 2116.6419160992864
2969 1447.2642512094949
2975 2602.3527728996705
2981 291.64087865541319
2987 2538.8178134445766
3004 54.732069183240583
3007 8216.8953967176112
3009 120.4150106960933
3010 1193.8233766807484
3011 859.14984550732129
3020 4654.711364193432
3021 1481.5499614720673
3025 1608.6915506483665
3026 1765.702488656169
3032 7079.558284204727
3043 681.89312013970539
3044 1352.9780046330861
3046 2540.2349461229542
3047 4286.379639892044
3053 307.72216788453852
3058 4685.7922936932418
3059 866.87797920036292
3064 4428.4414821022501
3083 847.49419666482254
3084 3449.1863775459469
3087 5264.2902566069542
3097 4661.2674595934395
3098 2728.7078314951564
3103 2943.0620238823176
3109 1882.6026130332275
3119 4242.7763645240284
3120 3425.7404425283839
3126 2488.9523531266223
3131 5905.982536742692
3137 853.49942475778607
3157 2191.1173075701272
3159 750.31194776652728
3160 2974.4725578190064
3166 1046.2523350979222
3171 7438.2563585848129
3175 343.52387365895697
3182 2435.5788027877966
3184 5261.9683493121111
3192 2611.6488862464939
3204 2444.7353629293821
3205 330.45658221733356
3229 2087.1487270267708
3230 3174.286881906226
3233 6193.1859805951772
3239 4357.203610317797
3243 2304.6928621323432
3248 2107.8624456175048
3249 377.23613416253852
3257 3290.0949925677764
3265 348.19406160633844
3272 3956.3907381076756
3277 1707.9807191598625
3280 27.871821777616788
3293 5738.7933403445113
3300 1215.8292710580645
3303 3802.9606347217559
3305 3354.3138779768833
3309 1283.1122251356569
3313 3803.8711977929793
3319 3086.9090794507874
3325 1898.6663801630903
3327 2892.5057085025246
3335 6905.7406042209359
3336 2019.1026531007337
3347 5933.5540786911597
3348 2307.6616359311852
3371 2458.8678906185442
3379 4883.6937985758204
3387 291.57873164772172
3403 7219.0971657169757
3410 5718.4286811167503
3415 1993.8791689309855
3416 1240.6156405295424
3427 1696.1217316421694
3428 3060.3636264939405
3432 1600.993554867347
3436 3045.9892978260364
3443 563.55766706080067
3450 4043.9646864093579
3452 7109.8676495472973
3460 2280.5602578468274
3461 3186.5579567457839
3472 6235.2210248298779
3485 2629.1515555276528
3488 4889.1443631991242
3489 2750.7774026237694
3493 1695.1896403973424
3501 955.08866492182131
3509 1921.5459545979577
3521 3253.5115242964393
3530 3503.484465764067
3531 739.52239236937362
3536 4704.5387178745104
3542 1607.5204626334289
3544 5474.9797211156347
3552 1991.2749876572425
3574 3619.0531839933806
3577 1248.6350349958582
3589 3076.295666335217
3595 2337.6551475878546
3616 5658.1186957406253
3617 2239.7579515656357
3622 4190.4142800636246
3628 5555.5433833545439
3635 1691.3113122499199
3638 1306.8488349938966
3656 440.68227337103417
3658 1819.7520780900795
3663 1106.9137563391366
3664 1461.219856662985
3671 4379.9416881249927
3675 2533.0554334429808
3681 4448.8899277244245
3692 1495.7674974306947
3700 2788.1121157456973
3702 2097.7030386955657
3703 3433.9220428277495
3708 182.20374074307801
3714 970.37131761606679
3716 2465.8988809659349
3721 899.23735596856955
3724 947.64428297318227
3731 4973.3060877701446
3744 4241.6444831296976
3750 1567.4754098427366
3756 2492.2975873704327
3757 1507.1830656732191
3767 578.37028860316184
3778 3173.4252376398326
3788 2357.6870069641232
3789 3075.5280442481339
3794 4032.4371131580501
3800 1581.6202127928814
3801 1424.838273752639
3810 5017.0196539202561
3816 2376.2818931006445
3828 557.09139178875103
3832 1238.8841456851983
3835 976.05099959625159
3842 1293.1073684553994
3843 1590.088371212722
3847 2599.3662733011397
3853 1166.8230499765546
3871 1071.8048526143621
3873 612.28290482814555
3874 4893.9641300976664
3879 4341.2864562490195
3884 1987.0559459746382
3886 4188.5353512145048
3892 2435.9232670300125
3905 324.09906902332273
3908 2744.1605192566417
3912 2783.0714335882849
3915 2598.2770444337693
3921 4365.7967062560892
3924 2577.7070949663157
3930 4750.2596901755405
3941 2005.0727462831755
3947 2900.2128468039791
3955 5181.0846817146903
3960 3002.3958011404538
3962 3385.0761564511231
3965 790.6628515813054
3968 566.80232782086296
3973 1470.774584332049
3987 663.29316630287485
3990 1669.3760897886796
3996 3072.9707877198671
3999 2707.4509563102456
4003 1508.8491030590874
4015 2567.070764437934
4020 2196.6538567949219
4022 3599.5173614756786
4027 1863.0305999687657
4032 990.86351728987256
4034 3152.7468539417478
4040 840.76944434655525
4044 4739.8364364007703
4055 337.09578759086799
4061 2360.2113437304861
4066 5217.3986439354348
4069 2470.2595546593739
4070 823.41885194264705
4088 2896.1042560919595
4095 7571.5198961049864
4100 2601.8309367754923
4101 1599.7722820551353
4102 2985.7251367324652
4113 3848.2135410580222
4119 1235.9306599775809
4124 2501.9443966686085
4132 3772.5700691015018
4135 4318.8556457057412
4148 1521.443551479957
4149 1795.9104945420579
4156 7146.1250118202352
4161 6859.3253061461646
4166 1375.5135178675412
4168 4665.1922775558751
4179 1483.2873517838311
4185 2602.6031938177839
4190 3738.5695893527418
4193 1593.7471285404727
4198 669.20671026707623
4201 4666.2598887656823
4205 3006.7418188585057
4214 3514.6467446015649
4222 2753.3759759520826
4227 1928.100692597563
4232 7337.4564650713455
4233 986.21363555965127
4234 339.96889498728979
4237 2631.2982833253545
4259 2250.7536290740481
4264 2791.659297515961
4268 2654.149610225998
4271 3826.3047837218501
4280 1664.4478693196415
4281 2581.2956839128783
4286 10.185702006555402
4288 1058.4576431018868
4293 3683.853436579664
4300 4306.1828234876684
4306 1269.9787394816467
4310 3463.2068506688265
4311 414.80979429282934
4330 4386.5129036807903
4333 5886.3305347543646
4334 2118.0138320851656
4337 3901.4011266558391
4350 3416.0742405610272
4357 1476.3310399000811
4362 3955.908013547079
4366 1406.0916249007105
4382 587.75437635324215
4384 5361.2821779766382
4385 2230.5232870050459
4388 1832.3956469234122
4392 1725.6352007752723
4400 775.1426187328716
4407 502.24114744148847
4412 7162.1481447827891
4418 2780.8797349264728
4435 2280.0241479983852
4436 4276.7658637683007
4439 1740.7420165771741
4452 497.87959982815391
4454 2340.0990351005148
4456 2193.0387906313435
4461 927.40405699551775
4466 1882.6026130332275
4474 8044.9202039155998
4482 579.35304002394332
4492 1379.7307430668425
4505 5346.4970816750138
4510 5416.0072594767944
4516 2287.1747554395006
4531 2896.691592723193
4532 3764.1800016193811
4535 5829.7270608451363
4539 1161.919011850584
4548 1663.0581068440451
4550 4806.4119244588064
4552 4356.0883269003434
4557 719.98677245310955
4562 2760.1288410513271
4577 3681.548625996244
4578 2509.1288326133299
4581 4929.2206211941948
4582 425.81277477629737
4585 3704.906335427404
4596 1960.0332166307871
4603 5107.5405717205467
4608 3274.4165532684847
4609 2113.4955630464324
4623 1506.1907940087219
4627 4712.7854615380302
4631 337.72492102755723
4639 2636.0433909006788
4641 5627.5017108200509
4651 2775.2410750422819
4657 1924.3087831254388
4658 62.414844154426191
4667 6207.4155179101899
4671 1303.9915561428202
4683 1581.3467021786009
4698 1875.8380901744313
4705 1736.5881847671276
4706 2449.829813784655
4708 5263.3184914239164
4712 2410.7159993053506
4721 7008.1350763884047
4730 3742.853039908659
4736 1965.2048597872945
4743 571.33370474935441
4746 3913.4529501445149
4759 2038.2776328997279
4768 3297.5357343665346
4774 937.45686318162643
4781 3107.3372152545062
4782 3245.1426194043061
4785 899.08136616355841
4788 4601.342563015407
4797 1211.0700437957448
4806 4846.9307081991501
4819 2910.8089461451468
4822 4467.7469605653669
4834 3235.1082288860953
4843 3564.0290794101047
4855 3665.7554760808807
4856 1738.9375089022838
4858 3119.7955107758435
4862 5638.5975312307946
4880 2668.5769908853672
4881 3254.9985315442673
4886 1185.7921271177306
4893 729.98220881095119
4897 1023.628630391097
4905 4175.3822496188477
4914 7156.5751749493866
4925 2466.7964365826497
4930 4515.212550211847
4938 3057.0286537250622
4947 4681.3893407695123
4948 954.67652180705682
4952 724.84736440549386
4954 2078.1243838609153
4955 3056.3628426423656
4976 4432.4321114691211
4981 2530.9246546311938
4983 1279.5603831857404
4984 2648.4164143022126
4988 6425.4042505743919
4996 3547.5763923073878
5005 827.1570468011023
5006 1824.4402901273697
5025 3816.362525175572
5034 3802.0216202252204
5035 4180.3020890314119
5042 5521.6579480577575
5105 338.04041551109765
5109 1800.3252582849354
5117 4989.7398802330035
5127 5401.6017781728988
5138 5521.1952865386302
5153 3242.04640058122
5157 2881.6600023179776
5165 774.24043946646225
5166 2020.0139049416957
5175 4503.6730138297571
5176 2451.9370757752931
5189 2376.5628601949957
5191 1333.3206423400313
5204 1458.6350495413881
5207 767.55819332830652
5210 201.29553490120406
5211 7479.3536915549575
5232 51.716169226216152
5237 1886.0954665882819
5240 1208.6041356639889
5241 6257.535986586814
5250 1309.5588933011932
5255 1381.3596325719677
5259 2729.8742057805775
5260 1406.9245068324972
5264 2480.2088548345164
5275 3328.889301381897
5276 404.61282066796593
5288 4196.2303677598675
5295 3991.0855817244174
5306 3130.2157190317303
5325 3914.8950400141212
5334 2526.6951103429801
5338 3557.0058162731007
5339 868.71376156145379
5343 3275.1516192995828
5344 1390.0414851949226
5348 436.21223880139496
5357 2614.0880571281045
5359 4832.5341711858009
5360 756.26586263003992
5370 2768.0825342245043
5371 1096.1297638227543
5374 1358.9417441587607
5378 3020.99088141931
5389 933.80663369881086
5403 4907.7481690671366
5406 2240.3708209862216
5415 1796.3086368669067
5416 194.33868858809009
5426 4453.2716414492188
5429 1477.3867216152435
5430 1707.427058716419
5441 444.54740403770847
5445 3043.6424534643716
5446 6059.6372081221079
5452 4242.9056987483764
5453 576.61910783315579
5471 5116.5510092113327
5485 6917.1036237238995
5488 1910.140262755436
5498 517.75892301362001
5502 960.35857889996623
5512 6372.6206231843053
5523 3605.0883444869214
5524 983.17643650298487
5527 3777.91290526796
5532 4619.3614968013308
5540 4505.2316325543343
5551 334.72801596434601
5552 338.04041551109822
5564 6471.9700271969168
5568 1208.445663408058
5576 5389.7813399863553
5586 146.49525488363037
5589 1293.8991820698875
5590 3204.6414967371711
5601 1512.1237283328142
5602 3317.4237255981234
5610 3827.3672670181627
5611 2049.8155503471339
5614 364.39681574212045
5618 3876.6564049983235
5629 1395.3911274314721
5630 2313.1384581108887
5642 1113.8599062760522
5645 3092.6213091133195
5654 4009.916879300958
5659 1507.0633120461227
5663 3443.8982669137495
5668 4068.0901050255643
5679 4092.8259633344733
5687 1135.2364684389913
5691 3317.1340548530088
5692 6210.0487562251328
5702 3575.7000540854642
5716 2801.5382564612569
5723 4497.9185839743686
5726 3129.7071420546954
5727 957.1523089998509
5735 1415.3917488767283
5742 2397.0714304057647
5749 3169.571683484397
5750 2213.6722013871795
5754 4457.5325425001447
5755 2998.7677291253804
5764 5661.9442011150404
5765 1654.7804989658471
5776 7243.827872702117
5783 1997.6120914582425
5787 2694.5063566167532
5791 415.76393201031669
5792 2687.6986697839025
5798 3068.0194583653047
5806 1384.8961966168017
5810 3548.2553421099965
5811 3788.2697695029474
5820 2995.9545831217529
5821 1634.4739397791782
5832 4820.6064998487755
5839 2214.7159994027179
5842 2676.1388289406605
5846 407.66942227561594
5848 4325.657102970411
5854 5529.1767531933074
5861 6344.4845186238836
5867 4438.9295205465069
5876 5361.7668354801062
5886 2942.4916296969818
5893 4735.1889337337952
5896 901.20036361755388
5901 1770.9451059798657
5902 2354.8623878245226
5908 1525.4148024220221
5912 2558.6259565015462
5915 3504.4582806881172
5916 2729.4281671129966
5918 611.07031813475214
5920 2167.6732177828658
5930 1777.1289373664245
5940 1289.4833958102436
5947 2922.8050016143497
5951 632.45141710084863
5955 688.24551873036398
5956 4271.194677049205
5967 810.9845374971801
5968 4702.2947736153819
5982 3739.2614590038165
5983 1036.961737219696
5999 1411.2061856630817
6002 3822.1947358178677
6008 7831.1034939159135
6019 4472.2974150500913
6022 2685.4561596867907
6025 2060.19360846158
6034 2913.9635440645552
6035 1310.6008674678505
6044 3254.145575503544
6055 3757.551987089153
6059 2693.2346688834973
6070 2393.1834002676405
6071 935.19255644200257
6075 1642.1047962425237
6085 1739.0604109361309
6094 2372.7899992865468
6101 5701.1776383364831
6105 2529.0498390853891
6110 3585.6302211988532
6119 1148.1493254303859
6120 751.84990021465273
6123 844.32115000950307
6124 4999.8526691281959
6133 5020.6013042123377
6143 4241.1896463405301
6150 1132.0121858673247
6157 549.31046779344069
6159 2896.8729547868124
6168 4827.5222259890215
6169 403.7737811514744
6171 2695.4189156275306
6182 2935.9381588119495
6192 586.20577159414825
6199 3505.1737745791479
6203 2616.9711448022654
6206 259.71193073218819
6207 1100.7405655130897
6215 1643.3357490754179
6222 2540.7313184105374
6238 1725.8783064831659
6249 3487.0262249662064
6252 1327.2000845647578
6254 5768.1006928256411
6261 3894.037854862634
6263 6078.2201798984988
6264 1979.4717477057293
6266 582.03823000677676
6284 201.07676494899465
6291 3099.3725305470712
6295 488.7288726726797
6300 2083.8267323882624
6309 6184.1498037905685
6310 2205.3437527734623
6329 706.18077022730176
6335 4406.9338983552188
6338 484.89341386659908
6342 3541.5780104846808
6349 2438.8969711974423
6351 2366.5283506556134
6355 2551.9968411958698
6371 2665.6744088422315
6377 1620.8444355864297
6380 852.39805004699156
6382 1259.755767412671
6383 5087.260634739243
6391 1304.4416506731359
6393 2429.4006781360695
6395 2428.0938802799301
6396 3393.4292555517354
6417 5035.3654853316793
6419 393.92269277484593
6422 505.54403669230942
6424 2915.2940139956872
6429 997.97000141545323
6444 4551.8856999547797
6450 20.984566459203961
6452 1934.4820690897336
6453 4438.1753942515297
6461 1997.5073831916334
6462 5439.5854142474063
6477 5805.3010944578973
6483 899.49235648233616
6486 2350.7500811115751
6490 1172.199543872006
6509 2046.2302022814793
6515 4856.8039870945495
6518 922.5171476648793
6520 6107.0961190366907
6523 3929.6373891351786
6524 1832.5169775844197
6539 1748.1948542349728
6545 3559.9207421882129
6550 2531.2155238156729
6553 5506.4143039523115
6554 2176.5455772218966
6569 4271.6260457309181
6575 1845.2915363860666
6580 1610.0806223405252
6583 1989.4630617394691
6584 455.29363029873224
6599 371.85289862887203
6605 1230.9859309552094
6610 2005.8883604693337
6613 1023.438426919116
6614 1238.5768687304435
6629 2425.48131238309
6635 648.44411386280626
6638 1742.7157759879797
6640 3057.3996531267749
6645 3232.0267368284995
6647 130.86477901301305
6663 988.17636022464353
6669 499.92369679507374
6672 470.51727294635202
6687 790.03229011283361
6688 6090.8005608619733
6689 489.89163746964005
6690 8513.9359991894053
6697 6073.8716424504273
6704 1775.591216488634
6706 943.90530727421583
6708 2704.7559625235381
6722 77.65850148024947
6747 1748.2224716427982
6761 670.4808015212634
6765 3229.1082222465839
6766 3026.6394433589749
6767 2877.1987850592786
6768 6050.7944227991375
6775 3109.6274310654053
6776 6152.0604456988776
6782 1622.2130050324974
6784 1109.9425658911878
6786 844.31891442296092
6800 150.43336247842035
6807 577.62177122865705
6840 3205.3974929844262
6841 2159.8996556241327
6843 3681.4469882436961
6846 2529.032237579906
6851 3467.2184044918431
6861 2827.6832359228192
6874 2222.330771786787
6881 2146.604344688953
6895 2522.9870150067509
6897 3201.6004996370712
6907 6812.1752282859743
6913 3652.7256709145295
6921 3597.2204372621532
6922 5089.845004061428
6928 796.56987343838136
6951 1996.4758056589217
6965 2687.6957879630081
6981 2140.9530868709085
6982 4327.8073705777197
6983 2339.8905764962687
6987 5207.3879963231047
6991 7802.7459117457029
6992 434.44404167840185
7002 3185.0760968408172
7014 3028.2170216814811
7016 34.908170191158206
7021 3493.1927298403916
7032 792.51677893052056
7037 2303.0368093119287
7051 6981.9387988593317
7052 4013.947353015576
7054 4407.9356196095514
7057 871.87402059412398
7061 3738.5824249530788
7062 2574.172788115181
7070 1667.9847543421383
7072 4005.7255831407183
7074 1032.7222876104577
7084 1038.8363446681633
7091 1278.998253078842
7105 2240.4222238288726
7116 742.67065211955219
7119 7202.9291607675277
7120 2336.5636081835542
7121 1325.1520910580784
7122 4985.353001332056
7136 2355.8628883539459
7140 1533.5361003031658
7152 2079.2397522451192
7183 1544.3392517402453
7188 6152.3694035621329
7190 4565.4790366060852
7193 808.14315567557514
7197 4059.7795931195578
7198 1859.4802422833518
7208 317.12098260600624
7212 1597.0953038750472
7220 372.37978406133516
7241 1671.8191108395331
7251 580.92214013687681
7255 6659.189971161336
7256 3863.8955326812352
7257 2169.6986761684316
7258 4808.4794522338916
7261 588.37855909936025
7266 1458.6221298771543
7276 1382.8115476936223
7278 1811.7099789601325
7280 5969.0065082065121
7307 3839.4245659877042
7310 812.37382929653359
7318 3803.0925798157896
7321 5555.6665613131154
7322 1085.4157733639968
7323 1286.1404415835009
7324 1364.6446165575794
7327 4793.5776506257571
7330 3278.9791878829483
7331 1980.8967886443588
7337 1369.2739569025307
7339 1792.9675694086945
7353 1178.3732590174482
7366 664.02840981368217
7368 1886.3146155139211
7381 5074.54691988779
7382 2240.0002379800662
7383 2002.1271330137438
7384 6650.9843511501531
7388 2817.1259252931022
7397 2851.7935246820907
7398 2832.3842149113188
7400 2868.4182272196558
7418 2619.0414959694754
7420 1153.6843749867044
7423 1369.6753197543703
7430 2476.5361460742256
7435 5617.7067165199169
7438 4097.652924959847
7440 4709.8113149814026
7446 1312.1328143432283
7448 2303.3705238823259
7451 2060.937810870696
7460 982.8094104219424
7473 3414.9206358381152
7479 922.3905495248664
7483 4623.382981326652
7484 1311.5865537309903
7485 6405.5484028955989
7486 588.22495243695244
7490 1853.5868171785251
7501 4204.7380499433657
7518 4674.3575348923132
7528 2958.0754809951313
7532 6941.917439208115
7534 4228.8319692604045
7535 1667.9516190577444
7537 3890.573193745985
7564 113.98560806401656
7573 4439.419347205132
7574 4322.8171553624143
7575 3184.7568179463033
7576 2981.8273095418772
7583 3079.274511231084
7604 3270.4774766242936
7611 194.13163755732785
7614 3745.5254374300112
7615 2363.4934776976029
7639 931.72082506526567
7647 3744.6223180723955
7649 779.35436659992956
7666 4039.1428446588543
7670 2693.1474850130535
7672 34.586018381229223
7675 3839.5518427469524
7676 485.64322834931272
7679 2900.029412954937
7680 2708.8597628346902
7685 1148.0310487999996
7709 4414.155975260348
7710 1375.869772032026
7716 306.80848960748654
7734 950.67770971746359
7735 5209.9155973934394
7736 509.56054518872497
7756 2403.7884164062989
7758 2668.9996293965792
7759 2358.6991828575165
7760 832.77488035422812
7779 184.99664792787325
7782 1266.066007439656
7783 4916.5812427865249
7784 4657.5062025318302
7789 2574.5927083732136
7798 2124.3014302797728
7804 96.011488035255212
7806 3652.7256709145404
7807 6647.7371602006997
7829 3749.231664610159
7830 1411.1728539457135
7831 5568.2052240011872
7849 882.48614522185369
7852 3041.6579891571259
7854 247.63285275549742
7875 3490.5293873761275
7877 3099.8838333636786
7882 4790.3790338426425
7890 2703.4932696209512
7896 3583.7159850544022
7899 2702.8778289628012
7900 1130.8609872009706
7919 6172.3183518836058
7920 2385.1980706203576
7933 2137.2483379440264
7938 3900.58301039868
7939 3284.9011014349026
7944 1548.9846112145583
8005 3200.006800226387
8009 3405.9354313107415
8018 3559.6676263973932
8021 3411.8744334841267
8022 413.79977347383101
8031 80.721860760529125
8032 986.9780729639333
8036 3471.8258335491919
8049 4776.0979541786091
8060 1238.5294053712594
8062 2658.5895973909392
8069 2361.7001315286907
8077 2060.9445369744826
8089 3509.1906922408525
8095 1447.7177691002476
8105 740.12937280574715
8107 2427.0385122706584
8109 2770.3302863150616
8111 2949.3437657195145
8113 1868.9029193185381
8115 2584.250381212797
8117 3869.5769169439136
